1379458821461770291
1337013785940066334
1072414536067469342
1143507831547514930
1060527579557277727
1415007568761327636
1414287670082801715
1336660125724835842 
1206826203227365396 
1361357093340450909
1177641490466484327 
1415640189900034108 
1177932958666063882 
1394573846614642789 
1394574657851752499
1394573022710599700 
851259770094092319 
1414507909592649728 
1377915254113304597 
1206583533422776371 
1416066361766969384 
960056326287921192 
1416395216839118960 
1394576117490253834 
1414734210849046588 
1393845195514183820 
1416695865346625557 
1394925830072963123 
1385211660087857162 
1417142618969866330 
1399768725292318771 
1406090288589701270
1404471165031813271
1383827117074288670
1413972226713059378
1416585058780971159
1420061734667948072
982674192996651008
1390710418451988670
1372871977643278457
1446831132594274386
1339700969650393190
1449473790579839112
1449793391037648920
1442765962028912660
1422846627181494323
980279418549321738
689673185938898989
1437074114916519948
1364258807877730335
1401357960726446101
1438130062414188644
1184406533585502259
1330132166750896253
1343934646072901783
1081232993722564670
1421022478997913621
1377786484937195542
1424049362371215360
1396544286434267246
1444204011925274707
1445721403067469897
1447622243743039579
1447616347151536149
456226577798135808
1444114336497795164
1447622118765498501
1447628279036252301
1447508773659873321
1446800141062373499
1447073500442660945
1446771846409097339
1447644594455056567
1446318906464796754
1447658568487534848
1446980930429391000
1448803658417569908
1443929400063164547
1449640313470713937
1449629868500451408
1449639250797531302
1445451291127185584
118156426640752652
1438633640962560140